              precision    recall  f1-score   support

          00       0.12      0.14      0.13       400
          01       0.10      0.10      0.10       400
          02       0.11      0.12      0.12       400
          03       0.10      0.10      0.10       400
          04       0.07      0.02      0.03       400
          05       0.14      0.16      0.15       400
          06       0.10      0.17      0.13       400
          07       0.11      0.11      0.11       400
          08       0.11      0.04      0.06       400
          09       0.13      0.14      0.14       400

    accuracy                           0.11      4000
   macro avg       0.11      0.11      0.11      4000
weighted avg       0.11      0.11      0.11      4000
